Dynamical matrix file
phonon calculation.                                                        
  1    2  2 10.4109092  0.0000000  0.0000000  0.0000000  0.0000000  0.0000000
           1  'Si  '    25598.3672624059     
    1    1      0.0000000000      0.0000000000      0.0000000000
    2    1      0.2500000000      0.2500000000      0.2500000000

     Dynamical  Matrix in cartesian axes

     q = (   -0.250000000   0.250000000  -0.250000000 ) 

    1    1
  0.25762789 -0.00000000   -0.01110170  0.00000000    0.01110170 -0.00000000
 -0.01110170  0.00000000    0.25762789  0.00000000   -0.01110170 -0.00000000
  0.01110170 -0.00000000   -0.01110170  0.00000000    0.25762789  0.00000000
    1    2
 -0.19230744 -0.05573433   -0.03446708  0.03594540    0.03446708 -0.03594540
 -0.03446708  0.03594540   -0.19230744 -0.05573433   -0.03446708  0.03594540
  0.03446708 -0.03594540   -0.03446708  0.03594540   -0.19230744 -0.05573433
    2    1
 -0.19230744  0.05573433   -0.03446708 -0.03594540    0.03446708  0.03594540
 -0.03446708 -0.03594540   -0.19230744  0.05573433   -0.03446708 -0.03594540
  0.03446708  0.03594540   -0.03446708 -0.03594540   -0.19230744  0.05573433
    2    2
  0.25762789  0.00000000   -0.01110170 -0.00000000    0.01110170  0.00000000
 -0.01110170 -0.00000000    0.25762789  0.00000000   -0.01110170 -0.00000000
  0.01110170  0.00000000   -0.01110170 -0.00000000    0.25762789  0.00000000

     Dynamical  Matrix in cartesian axes

     q = (    0.250000000  -0.250000000  -0.250000000 ) 

    1    1
  0.25762789  0.00000000   -0.01110170  0.00000000   -0.01110170  0.00000000
 -0.01110170  0.00000000    0.25762789  0.00000000    0.01110170 -0.00000000
 -0.01110170  0.00000000    0.01110170 -0.00000000    0.25762789  0.00000000
    1    2
 -0.19230744 -0.05573433   -0.03446708  0.03594540   -0.03446708  0.03594540
 -0.03446708  0.03594540   -0.19230744 -0.05573433    0.03446708 -0.03594540
 -0.03446708  0.03594540    0.03446708 -0.03594540   -0.19230744 -0.05573433
    2    1
 -0.19230744  0.05573433   -0.03446708 -0.03594540   -0.03446708 -0.03594540
 -0.03446708 -0.03594540   -0.19230744  0.05573433    0.03446708  0.03594540
 -0.03446708 -0.03594540    0.03446708  0.03594540   -0.19230744  0.05573433
    2    2
  0.25762789  0.00000000   -0.01110170 -0.00000000   -0.01110170  0.00000000
 -0.01110170  0.00000000    0.25762789  0.00000000    0.01110170  0.00000000
 -0.01110170 -0.00000000    0.01110170 -0.00000000    0.25762789  0.00000000

     Dynamical  Matrix in cartesian axes

     q = (    0.250000000  -0.250000000   0.250000000 ) 

    1    1
  0.25762789  0.00000000   -0.01110170 -0.00000000    0.01110170  0.00000000
 -0.01110170 -0.00000000    0.25762789  0.00000000   -0.01110170 -0.00000000
  0.01110170  0.00000000   -0.01110170 -0.00000000    0.25762789  0.00000000
    1    2
 -0.19230744  0.05573433   -0.03446708 -0.03594540    0.03446708  0.03594540
 -0.03446708 -0.03594540   -0.19230744  0.05573433   -0.03446708 -0.03594540
  0.03446708  0.03594540   -0.03446708 -0.03594540   -0.19230744  0.05573433
    2    1
 -0.19230744 -0.05573433   -0.03446708  0.03594540    0.03446708 -0.03594540
 -0.03446708  0.03594540   -0.19230744 -0.05573433   -0.03446708  0.03594540
  0.03446708 -0.03594540   -0.03446708  0.03594540   -0.19230744 -0.05573433
    2    2
  0.25762789  0.00000000   -0.01110170  0.00000000    0.01110170 -0.00000000
 -0.01110170  0.00000000    0.25762789 -0.00000000   -0.01110170 -0.00000000
  0.01110170  0.00000000   -0.01110170  0.00000000    0.25762789  0.00000000

     Dynamical  Matrix in cartesian axes

     q = (    0.250000000   0.250000000   0.250000000 ) 

    1    1
  0.25762789  0.00000000    0.01110170 -0.00000000    0.01110170 -0.00000000
  0.01110170  0.00000000    0.25762789 -0.00000000    0.01110170 -0.00000000
  0.01110170  0.00000000    0.01110170 -0.00000000    0.25762789 -0.00000000
    1    2
 -0.05573433  0.19230744   -0.03594540 -0.03446708   -0.03594540 -0.03446708
 -0.03594540 -0.03446708   -0.05573433  0.19230744   -0.03594540 -0.03446708
 -0.03594540 -0.03446708   -0.03594540 -0.03446708   -0.05573433  0.19230744
    2    1
 -0.05573433 -0.19230744   -0.03594540  0.03446708   -0.03594540  0.03446708
 -0.03594540  0.03446708   -0.05573433 -0.19230744   -0.03594540  0.03446708
 -0.03594540  0.03446708   -0.03594540  0.03446708   -0.05573433 -0.19230744
    2    2
  0.25762789  0.00000000    0.01110170  0.00000000    0.01110170  0.00000000
  0.01110170  0.00000000    0.25762789  0.00000000    0.01110170  0.00000000
  0.01110170  0.00000000    0.01110170  0.00000000    0.25762789  0.00000000

     Dynamical  Matrix in cartesian axes

     q = (   -0.250000000  -0.250000000  -0.250000000 ) 

    1    1
  0.25762789  0.00000000    0.01110170  0.00000000    0.01110170  0.00000000
  0.01110170  0.00000000    0.25762789  0.00000000    0.01110170  0.00000000
  0.01110170  0.00000000    0.01110170  0.00000000    0.25762789  0.00000000
    1    2
 -0.05573433 -0.19230744   -0.03594540  0.03446708   -0.03594540  0.03446708
 -0.03594540  0.03446708   -0.05573433 -0.19230744   -0.03594540  0.03446708
 -0.03594540  0.03446708   -0.03594540  0.03446708   -0.05573433 -0.19230744
    2    1
 -0.05573433  0.19230744   -0.03594540 -0.03446708   -0.03594540 -0.03446708
 -0.03594540 -0.03446708   -0.05573433  0.19230744   -0.03594540 -0.03446708
 -0.03594540 -0.03446708   -0.03594540 -0.03446708   -0.05573433  0.19230744
    2    2
  0.25762789  0.00000000    0.01110170 -0.00000000    0.01110170 -0.00000000
  0.01110170 -0.00000000    0.25762789  0.00000000    0.01110170 -0.00000000
  0.01110170 -0.00000000    0.01110170 -0.00000000    0.25762789 -0.00000000

     Dynamical  Matrix in cartesian axes

     q = (   -0.250000000  -0.250000000   0.250000000 ) 

    1    1
  0.25762789 -0.00000000    0.01110170  0.00000000   -0.01110170  0.00000000
  0.01110170 -0.00000000    0.25762789  0.00000000   -0.01110170  0.00000000
 -0.01110170  0.00000000   -0.01110170 -0.00000000    0.25762789 -0.00000000
    1    2
 -0.19230744 -0.05573433    0.03446708 -0.03594540   -0.03446708  0.03594540
  0.03446708 -0.03594540   -0.19230744 -0.05573433   -0.03446708  0.03594540
 -0.03446708  0.03594540   -0.03446708  0.03594540   -0.19230744 -0.05573433
    2    1
 -0.19230744  0.05573433    0.03446708  0.03594540   -0.03446708 -0.03594540
  0.03446708  0.03594540   -0.19230744  0.05573433   -0.03446708 -0.03594540
 -0.03446708 -0.03594540   -0.03446708 -0.03594540   -0.19230744  0.05573433
    2    2
  0.25762789  0.00000000    0.01110170  0.00000000   -0.01110170 -0.00000000
  0.01110170  0.00000000    0.25762789  0.00000000   -0.01110170 -0.00000000
 -0.01110170 -0.00000000   -0.01110170 -0.00000000    0.25762789  0.00000000

     Dynamical  Matrix in cartesian axes

     q = (   -0.250000000   0.250000000   0.250000000 ) 

    1    1
  0.25762789  0.00000000   -0.01110170 -0.00000000   -0.01110170  0.00000000
 -0.01110170  0.00000000    0.25762789  0.00000000    0.01110170  0.00000000
 -0.01110170  0.00000000    0.01110170  0.00000000    0.25762789  0.00000000
    1    2
 -0.19230744  0.05573433   -0.03446708 -0.03594540   -0.03446708 -0.03594540
 -0.03446708 -0.03594540   -0.19230744  0.05573433    0.03446708  0.03594540
 -0.03446708 -0.03594540    0.03446708  0.03594540   -0.19230744  0.05573433
    2    1
 -0.19230744 -0.05573433   -0.03446708  0.03594540   -0.03446708  0.03594540
 -0.03446708  0.03594540   -0.19230744 -0.05573433    0.03446708 -0.03594540
 -0.03446708  0.03594540    0.03446708 -0.03594540   -0.19230744 -0.05573433
    2    2
  0.25762789  0.00000000   -0.01110170  0.00000000   -0.01110170  0.00000000
 -0.01110170  0.00000000    0.25762789  0.00000000    0.01110170 -0.00000000
 -0.01110170  0.00000000    0.01110170 -0.00000000    0.25762789  0.00000000

     Dynamical  Matrix in cartesian axes

     q = (    0.250000000   0.250000000  -0.250000000 ) 

    1    1
  0.25762789  0.00000000    0.01110170  0.00000000   -0.01110170 -0.00000000
  0.01110170  0.00000000    0.25762789  0.00000000   -0.01110170 -0.00000000
 -0.01110170 -0.00000000   -0.01110170 -0.00000000    0.25762789  0.00000000
    1    2
 -0.19230744  0.05573433    0.03446708  0.03594540   -0.03446708 -0.03594540
  0.03446708  0.03594540   -0.19230744  0.05573433   -0.03446708 -0.03594540
 -0.03446708 -0.03594540   -0.03446708 -0.03594540   -0.19230744  0.05573433
    2    1
 -0.19230744 -0.05573433    0.03446708 -0.03594540   -0.03446708  0.03594540
  0.03446708 -0.03594540   -0.19230744 -0.05573433   -0.03446708  0.03594540
 -0.03446708  0.03594540   -0.03446708  0.03594540   -0.19230744 -0.05573433
    2    2
  0.25762789  0.00000000    0.01110170  0.00000000   -0.01110170  0.00000000
  0.01110170  0.00000000    0.25762789  0.00000000   -0.01110170  0.00000000
 -0.01110170  0.00000000   -0.01110170  0.00000000    0.25762789 -0.00000000

     Diagonalizing the dynamical matrix

     q = (   -0.250000000   0.250000000  -0.250000000 ) 

 **************************************************************************
     freq (    1) =       2.826075 [THz] =      94.267698 [cm-1]
 ( -0.405388 -0.021925 -0.557374 -0.035188 -0.151986 -0.013263 ) 
 ( -0.405759  0.013399 -0.558323  0.013399 -0.152564  0.000000 ) 
     freq (    2) =       2.826075 [THz] =      94.267698 [cm-1]
 (  0.409252  0.032027 -0.145468 -0.016379 -0.554720 -0.048406 ) 
 (  0.410487 -0.003671 -0.146341 -0.003671 -0.556828  0.000000 ) 
     freq (    3) =       6.577424 [THz] =     219.399264 [cm-1]
 (  0.283744  0.293523 -0.283744 -0.293523  0.283744  0.293523 ) 
 (  0.408248 -0.000000 -0.408248  0.000000  0.408248  0.000000 ) 
     freq (    4) =      13.905552 [THz] =     463.839283 [cm-1]
 (  0.283744  0.293523 -0.283744 -0.293523  0.283744  0.293523 ) 
 ( -0.408248 -0.000000  0.408248  0.000000 -0.408248  0.000000 ) 
     freq (    5) =      14.158997 [THz] =     472.293315 [cm-1]
 ( -0.110320 -0.130253 -0.521997 -0.166177 -0.411677 -0.035924 ) 
 (  0.121226  0.120169  0.534467  0.120169  0.413241  0.000000 ) 
     freq (    6) =      14.158997 [THz] =     472.293315 [cm-1]
 ( -0.524871 -0.169433 -0.123203 -0.134383  0.401667  0.035051 ) 
 (  0.537613  0.123164  0.134419  0.123164 -0.403194  0.000000 ) 
 **************************************************************************
