Dynamical matrix file
phonon calculation.                                                        
  1    2  2 10.4109092  0.0000000  0.0000000  0.0000000  0.0000000  0.0000000
           1  'Si  '    25598.3672624059     
    1    1      0.0000000000      0.0000000000      0.0000000000
    2    1      0.2500000000      0.2500000000      0.2500000000

     Dynamical  Matrix in cartesian axes

     q = (    0.750000000  -0.250000000   0.750000000 ) 

    1    1
  0.23354170  0.00000000   -0.00594493  0.00752235    0.00546266  0.00000000
 -0.00594493 -0.00752235    0.28348998  0.00000000   -0.00594493 -0.00752235
  0.00546266  0.00000000   -0.00594493  0.00752235    0.23354170  0.00000000
    1    2
 -0.05757300  0.05859750   -0.03765389  0.03983081   -0.03792808 -0.12436902
 -0.03765389  0.03983081   -0.05600203  0.07720010   -0.03765389  0.03983081
 -0.03792808 -0.12436902   -0.03765389  0.03983081   -0.05757300  0.05859750
    2    1
 -0.05757300 -0.05859750   -0.03765389 -0.03983081   -0.03792808  0.12436902
 -0.03765389 -0.03983081   -0.05600203 -0.07720010   -0.03765389 -0.03983081
 -0.03792808  0.12436902   -0.03765389 -0.03983081   -0.05757300 -0.05859750
    2    2
  0.23354170  0.00000000   -0.00594493 -0.00752235    0.00546266  0.00000000
 -0.00594493  0.00752235    0.28348998  0.00000000   -0.00594493  0.00752235
  0.00546266  0.00000000   -0.00594493 -0.00752235    0.23354170  0.00000000

     Dynamical  Matrix in cartesian axes

     q = (    0.750000000  -0.250000000  -0.750000000 ) 

    1    1
  0.23354170  0.00000000   -0.00594493 -0.00752235   -0.00546266  0.00000000
 -0.00594493  0.00752235    0.28348998  0.00000000    0.00594493 -0.00752235
 -0.00546266  0.00000000    0.00594493  0.00752235    0.23354170  0.00000000
    1    2
 -0.05859750  0.05757300   -0.03983081  0.03765389   -0.12436902 -0.03792808
 -0.03983081  0.03765389   -0.07720010  0.05600203    0.03983081 -0.03765389
 -0.12436902 -0.03792808    0.03983081 -0.03765389   -0.05859750  0.05757300
    2    1
 -0.05859750 -0.05757300   -0.03983081 -0.03765389   -0.12436902  0.03792808
 -0.03983081 -0.03765389   -0.07720010 -0.05600203    0.03983081  0.03765389
 -0.12436902  0.03792808    0.03983081  0.03765389   -0.05859750 -0.05757300
    2    2
  0.23354170  0.00000000   -0.00594493  0.00752235   -0.00546266  0.00000000
 -0.00594493 -0.00752235    0.28348998  0.00000000    0.00594493  0.00752235
 -0.00546266  0.00000000    0.00594493 -0.00752235    0.23354170  0.00000000

     Dynamical  Matrix in cartesian axes

     q = (   -0.750000000  -0.250000000  -0.750000000 ) 

    1    1
  0.23354170  0.00000000    0.00594493 -0.00752235    0.00546266  0.00000000
  0.00594493  0.00752235    0.28348998  0.00000000    0.00594493  0.00752235
  0.00546266  0.00000000    0.00594493 -0.00752235    0.23354170  0.00000000
    1    2
  0.05859750  0.05757300   -0.03983081 -0.03765389   -0.12436902  0.03792808
 -0.03983081 -0.03765389    0.07720010  0.05600203   -0.03983081 -0.03765389
 -0.12436902  0.03792808   -0.03983081 -0.03765389    0.05859750  0.05757300
    2    1
  0.05859750 -0.05757300   -0.03983081  0.03765389   -0.12436902 -0.03792808
 -0.03983081  0.03765389    0.07720010 -0.05600203   -0.03983081  0.03765389
 -0.12436902 -0.03792808   -0.03983081  0.03765389    0.05859750 -0.05757300
    2    2
  0.23354170  0.00000000    0.00594493  0.00752235    0.00546266  0.00000000
  0.00594493 -0.00752235    0.28348998  0.00000000    0.00594493 -0.00752235
  0.00546266  0.00000000    0.00594493  0.00752235    0.23354170  0.00000000

     Dynamical  Matrix in cartesian axes

     q = (   -0.750000000  -0.250000000   0.750000000 ) 

    1    1
  0.23354170  0.00000000    0.00594493  0.00752235   -0.00546266  0.00000000
  0.00594493 -0.00752235    0.28348998  0.00000000   -0.00594493  0.00752235
 -0.00546266  0.00000000   -0.00594493 -0.00752235    0.23354170  0.00000000
    1    2
 -0.05859750  0.05757300    0.03983081 -0.03765389   -0.12436902 -0.03792808
  0.03983081 -0.03765389   -0.07720010  0.05600203   -0.03983081  0.03765389
 -0.12436902 -0.03792808   -0.03983081  0.03765389   -0.05859750  0.05757300
    2    1
 -0.05859750 -0.05757300    0.03983081  0.03765389   -0.12436902  0.03792808
  0.03983081  0.03765389   -0.07720010 -0.05600203   -0.03983081 -0.03765389
 -0.12436902  0.03792808   -0.03983081 -0.03765389   -0.05859750 -0.05757300
    2    2
  0.23354170  0.00000000    0.00594493 -0.00752235   -0.00546266  0.00000000
  0.00594493  0.00752235    0.28348998  0.00000000   -0.00594493 -0.00752235
 -0.00546266  0.00000000   -0.00594493  0.00752235    0.23354170  0.00000000

     Dynamical  Matrix in cartesian axes

     q = (   -0.750000000   0.250000000  -0.750000000 ) 

    1    1
  0.23354170  0.00000000   -0.00594493 -0.00752235    0.00546266  0.00000000
 -0.00594493  0.00752235    0.28348998  0.00000000   -0.00594493  0.00752235
  0.00546266  0.00000000   -0.00594493 -0.00752235    0.23354170  0.00000000
    1    2
 -0.05757300 -0.05859750   -0.03765389 -0.03983081   -0.03792808  0.12436902
 -0.03765389 -0.03983081   -0.05600203 -0.07720010   -0.03765389 -0.03983081
 -0.03792808  0.12436902   -0.03765389 -0.03983081   -0.05757300 -0.05859750
    2    1
 -0.05757300  0.05859750   -0.03765389  0.03983081   -0.03792808 -0.12436902
 -0.03765389  0.03983081   -0.05600203  0.07720010   -0.03765389  0.03983081
 -0.03792808 -0.12436902   -0.03765389  0.03983081   -0.05757300  0.05859750
    2    2
  0.23354170  0.00000000   -0.00594493  0.00752235    0.00546266  0.00000000
 -0.00594493 -0.00752235    0.28348998  0.00000000   -0.00594493 -0.00752235
  0.00546266  0.00000000   -0.00594493  0.00752235    0.23354170  0.00000000

     Dynamical  Matrix in cartesian axes

     q = (   -0.250000000   0.750000000  -0.750000000 ) 

    1    1
  0.28348998  0.00000000   -0.00594493  0.00752235    0.00594493 -0.00752235
 -0.00594493 -0.00752235    0.23354170  0.00000000   -0.00546266  0.00000000
  0.00594493  0.00752235   -0.00546266  0.00000000    0.23354170  0.00000000
    1    2
 -0.07720010  0.05600203   -0.03983081  0.03765389    0.03983081 -0.03765389
 -0.03983081  0.03765389   -0.05859750  0.05757300   -0.12436902 -0.03792808
  0.03983081 -0.03765389   -0.12436902 -0.03792808   -0.05859750  0.05757300
    2    1
 -0.07720010 -0.05600203   -0.03983081 -0.03765389    0.03983081  0.03765389
 -0.03983081 -0.03765389   -0.05859750 -0.05757300   -0.12436902  0.03792808
  0.03983081  0.03765389   -0.12436902  0.03792808   -0.05859750 -0.05757300
    2    2
  0.28348998  0.00000000   -0.00594493 -0.00752235    0.00594493  0.00752235
 -0.00594493  0.00752235    0.23354170  0.00000000   -0.00546266  0.00000000
  0.00594493 -0.00752235   -0.00546266  0.00000000    0.23354170  0.00000000

     Dynamical  Matrix in cartesian axes

     q = (   -0.750000000   0.750000000  -0.250000000 ) 

    1    1
  0.23354170  0.00000000   -0.00546266  0.00000000    0.00594493  0.00752235
 -0.00546266  0.00000000    0.23354170  0.00000000   -0.00594493 -0.00752235
  0.00594493 -0.00752235   -0.00594493  0.00752235    0.28348998  0.00000000
    1    2
 -0.05859750  0.05757300   -0.12436902 -0.03792808    0.03983081 -0.03765389
 -0.12436902 -0.03792808   -0.05859750  0.05757300   -0.03983081  0.03765389
  0.03983081 -0.03765389   -0.03983081  0.03765389   -0.07720010  0.05600203
    2    1
 -0.05859750 -0.05757300   -0.12436902  0.03792808    0.03983081  0.03765389
 -0.12436902  0.03792808   -0.05859750 -0.05757300   -0.03983081 -0.03765389
  0.03983081  0.03765389   -0.03983081 -0.03765389   -0.07720010 -0.05600203
    2    2
  0.23354170  0.00000000   -0.00546266  0.00000000    0.00594493 -0.00752235
 -0.00546266  0.00000000    0.23354170  0.00000000   -0.00594493  0.00752235
  0.00594493  0.00752235   -0.00594493 -0.00752235    0.28348998  0.00000000

     Dynamical  Matrix in cartesian axes

     q = (    0.750000000   0.250000000   0.750000000 ) 

    1    1
  0.23354170  0.00000000    0.00594493  0.00752235    0.00546266  0.00000000
  0.00594493 -0.00752235    0.28348998  0.00000000    0.00594493 -0.00752235
  0.00546266  0.00000000    0.00594493  0.00752235    0.23354170  0.00000000
    1    2
  0.05859750 -0.05757300   -0.03983081  0.03765389   -0.12436902 -0.03792808
 -0.03983081  0.03765389    0.07720010 -0.05600203   -0.03983081  0.03765389
 -0.12436902 -0.03792808   -0.03983081  0.03765389    0.05859750 -0.05757300
    2    1
  0.05859750  0.05757300   -0.03983081 -0.03765389   -0.12436902  0.03792808
 -0.03983081 -0.03765389    0.07720010  0.05600203   -0.03983081 -0.03765389
 -0.12436902  0.03792808   -0.03983081 -0.03765389    0.05859750  0.05757300
    2    2
  0.23354170  0.00000000    0.00594493 -0.00752235    0.00546266  0.00000000
  0.00594493  0.00752235    0.28348998  0.00000000    0.00594493  0.00752235
  0.00546266  0.00000000    0.00594493 -0.00752235    0.23354170  0.00000000

     Dynamical  Matrix in cartesian axes

     q = (   -0.750000000   0.250000000   0.750000000 ) 

    1    1
  0.23354170  0.00000000   -0.00594493  0.00752235   -0.00546266  0.00000000
 -0.00594493 -0.00752235    0.28348998  0.00000000    0.00594493  0.00752235
 -0.00546266  0.00000000    0.00594493 -0.00752235    0.23354170  0.00000000
    1    2
 -0.05859750 -0.05757300   -0.03983081 -0.03765389   -0.12436902  0.03792808
 -0.03983081 -0.03765389   -0.07720010 -0.05600203    0.03983081  0.03765389
 -0.12436902  0.03792808    0.03983081  0.03765389   -0.05859750 -0.05757300
    2    1
 -0.05859750  0.05757300   -0.03983081  0.03765389   -0.12436902 -0.03792808
 -0.03983081  0.03765389   -0.07720010  0.05600203    0.03983081 -0.03765389
 -0.12436902 -0.03792808    0.03983081 -0.03765389   -0.05859750  0.05757300
    2    2
  0.23354170  0.00000000   -0.00594493 -0.00752235   -0.00546266  0.00000000
 -0.00594493  0.00752235    0.28348998  0.00000000    0.00594493 -0.00752235
 -0.00546266  0.00000000    0.00594493  0.00752235    0.23354170  0.00000000

     Dynamical  Matrix in cartesian axes

     q = (    0.750000000   0.250000000  -0.750000000 ) 

    1    1
  0.23354170  0.00000000    0.00594493 -0.00752235   -0.00546266  0.00000000
  0.00594493  0.00752235    0.28348998  0.00000000   -0.00594493 -0.00752235
 -0.00546266  0.00000000   -0.00594493  0.00752235    0.23354170  0.00000000
    1    2
 -0.05859750 -0.05757300    0.03983081  0.03765389   -0.12436902  0.03792808
  0.03983081  0.03765389   -0.07720010 -0.05600203   -0.03983081 -0.03765389
 -0.12436902  0.03792808   -0.03983081 -0.03765389   -0.05859750 -0.05757300
    2    1
 -0.05859750  0.05757300    0.03983081 -0.03765389   -0.12436902 -0.03792808
  0.03983081 -0.03765389   -0.07720010  0.05600203   -0.03983081  0.03765389
 -0.12436902 -0.03792808   -0.03983081  0.03765389   -0.05859750  0.05757300
    2    2
  0.23354170  0.00000000    0.00594493  0.00752235   -0.00546266  0.00000000
  0.00594493 -0.00752235    0.28348998  0.00000000   -0.00594493  0.00752235
 -0.00546266  0.00000000   -0.00594493 -0.00752235    0.23354170  0.00000000

     Dynamical  Matrix in cartesian axes

     q = (   -0.750000000   0.750000000   0.250000000 ) 

    1    1
  0.23354170  0.00000000   -0.00546266  0.00000000   -0.00594493  0.00752235
 -0.00546266  0.00000000    0.23354170  0.00000000    0.00594493 -0.00752235
 -0.00594493 -0.00752235    0.00594493  0.00752235    0.28348998  0.00000000
    1    2
 -0.05859750 -0.05757300   -0.12436902  0.03792808   -0.03983081 -0.03765389
 -0.12436902  0.03792808   -0.05859750 -0.05757300    0.03983081  0.03765389
 -0.03983081 -0.03765389    0.03983081  0.03765389   -0.07720010 -0.05600203
    2    1
 -0.05859750  0.05757300   -0.12436902 -0.03792808   -0.03983081  0.03765389
 -0.12436902 -0.03792808   -0.05859750  0.05757300    0.03983081 -0.03765389
 -0.03983081  0.03765389    0.03983081 -0.03765389   -0.07720010  0.05600203
    2    2
  0.23354170  0.00000000   -0.00546266  0.00000000   -0.00594493 -0.00752235
 -0.00546266  0.00000000    0.23354170  0.00000000    0.00594493  0.00752235
 -0.00594493  0.00752235    0.00594493 -0.00752235    0.28348998  0.00000000

     Dynamical  Matrix in cartesian axes

     q = (   -0.250000000   0.750000000   0.750000000 ) 

    1    1
  0.28348998  0.00000000   -0.00594493 -0.00752235   -0.00594493 -0.00752235
 -0.00594493  0.00752235    0.23354170  0.00000000    0.00546266  0.00000000
 -0.00594493  0.00752235    0.00546266  0.00000000    0.23354170  0.00000000
    1    2
 -0.05600203  0.07720010   -0.03765389  0.03983081   -0.03765389  0.03983081
 -0.03765389  0.03983081   -0.05757300  0.05859750   -0.03792808 -0.12436902
 -0.03765389  0.03983081   -0.03792808 -0.12436902   -0.05757300  0.05859750
    2    1
 -0.05600203 -0.07720010   -0.03765389 -0.03983081   -0.03765389 -0.03983081
 -0.03765389 -0.03983081   -0.05757300 -0.05859750   -0.03792808  0.12436902
 -0.03765389 -0.03983081   -0.03792808  0.12436902   -0.05757300 -0.05859750
    2    2
  0.28348998  0.00000000   -0.00594493  0.00752235   -0.00594493  0.00752235
 -0.00594493 -0.00752235    0.23354170  0.00000000    0.00546266  0.00000000
 -0.00594493 -0.00752235    0.00546266  0.00000000    0.23354170  0.00000000

     Dynamical  Matrix in cartesian axes

     q = (    0.250000000   0.750000000  -0.750000000 ) 

    1    1
  0.28348998  0.00000000    0.00594493  0.00752235   -0.00594493 -0.00752235
  0.00594493 -0.00752235    0.23354170  0.00000000   -0.00546266  0.00000000
 -0.00594493  0.00752235   -0.00546266  0.00000000    0.23354170  0.00000000
    1    2
 -0.07720010 -0.05600203    0.03983081  0.03765389   -0.03983081 -0.03765389
  0.03983081  0.03765389   -0.05859750 -0.05757300   -0.12436902  0.03792808
 -0.03983081 -0.03765389   -0.12436902  0.03792808   -0.05859750 -0.05757300
    2    1
 -0.07720010  0.05600203    0.03983081 -0.03765389   -0.03983081  0.03765389
  0.03983081 -0.03765389   -0.05859750  0.05757300   -0.12436902 -0.03792808
 -0.03983081  0.03765389   -0.12436902 -0.03792808   -0.05859750  0.05757300
    2    2
  0.28348998  0.00000000    0.00594493 -0.00752235   -0.00594493  0.00752235
  0.00594493  0.00752235    0.23354170  0.00000000   -0.00546266  0.00000000
 -0.00594493 -0.00752235   -0.00546266  0.00000000    0.23354170  0.00000000

     Dynamical  Matrix in cartesian axes

     q = (   -0.250000000  -0.750000000  -0.750000000 ) 

    1    1
  0.28348998  0.00000000    0.00594493  0.00752235    0.00594493  0.00752235
  0.00594493 -0.00752235    0.23354170  0.00000000    0.00546266  0.00000000
  0.00594493 -0.00752235    0.00546266  0.00000000    0.23354170  0.00000000
    1    2
  0.07720010  0.05600203   -0.03983081 -0.03765389   -0.03983081 -0.03765389
 -0.03983081 -0.03765389    0.05859750  0.05757300   -0.12436902  0.03792808
 -0.03983081 -0.03765389   -0.12436902  0.03792808    0.05859750  0.05757300
    2    1
  0.07720010 -0.05600203   -0.03983081  0.03765389   -0.03983081  0.03765389
 -0.03983081  0.03765389    0.05859750 -0.05757300   -0.12436902 -0.03792808
 -0.03983081  0.03765389   -0.12436902 -0.03792808    0.05859750 -0.05757300
    2    2
  0.28348998  0.00000000    0.00594493 -0.00752235    0.00594493 -0.00752235
  0.00594493  0.00752235    0.23354170  0.00000000    0.00546266  0.00000000
  0.00594493  0.00752235    0.00546266  0.00000000    0.23354170  0.00000000

     Dynamical  Matrix in cartesian axes

     q = (    0.750000000   0.750000000  -0.250000000 ) 

    1    1
  0.23354170  0.00000000    0.00546266  0.00000000   -0.00594493  0.00752235
  0.00546266  0.00000000    0.23354170  0.00000000   -0.00594493  0.00752235
 -0.00594493 -0.00752235   -0.00594493 -0.00752235    0.28348998  0.00000000
    1    2
 -0.05757300  0.05859750   -0.03792808 -0.12436902   -0.03765389  0.03983081
 -0.03792808 -0.12436902   -0.05757300  0.05859750   -0.03765389  0.03983081
 -0.03765389  0.03983081   -0.03765389  0.03983081   -0.05600203  0.07720010
    2    1
 -0.05757300 -0.05859750   -0.03792808  0.12436902   -0.03765389 -0.03983081
 -0.03792808  0.12436902   -0.05757300 -0.05859750   -0.03765389 -0.03983081
 -0.03765389 -0.03983081   -0.03765389 -0.03983081   -0.05600203 -0.07720010
    2    2
  0.23354170  0.00000000    0.00546266  0.00000000   -0.00594493 -0.00752235
  0.00546266  0.00000000    0.23354170  0.00000000   -0.00594493 -0.00752235
 -0.00594493  0.00752235   -0.00594493  0.00752235    0.28348998  0.00000000

     Dynamical  Matrix in cartesian axes

     q = (    0.750000000  -0.750000000   0.250000000 ) 

    1    1
  0.23354170  0.00000000   -0.00546266  0.00000000    0.00594493 -0.00752235
 -0.00546266  0.00000000    0.23354170  0.00000000   -0.00594493  0.00752235
  0.00594493  0.00752235   -0.00594493 -0.00752235    0.28348998  0.00000000
    1    2
 -0.05859750 -0.05757300   -0.12436902  0.03792808    0.03983081  0.03765389
 -0.12436902  0.03792808   -0.05859750 -0.05757300   -0.03983081 -0.03765389
  0.03983081  0.03765389   -0.03983081 -0.03765389   -0.07720010 -0.05600203
    2    1
 -0.05859750  0.05757300   -0.12436902 -0.03792808    0.03983081 -0.03765389
 -0.12436902 -0.03792808   -0.05859750  0.05757300   -0.03983081  0.03765389
  0.03983081 -0.03765389   -0.03983081  0.03765389   -0.07720010  0.05600203
    2    2
  0.23354170  0.00000000   -0.00546266  0.00000000    0.00594493  0.00752235
 -0.00546266  0.00000000    0.23354170  0.00000000   -0.00594493 -0.00752235
  0.00594493 -0.00752235   -0.00594493  0.00752235    0.28348998  0.00000000

     Dynamical  Matrix in cartesian axes

     q = (   -0.750000000  -0.750000000  -0.250000000 ) 

    1    1
  0.23354170  0.00000000    0.00546266  0.00000000    0.00594493 -0.00752235
  0.00546266  0.00000000    0.23354170  0.00000000    0.00594493 -0.00752235
  0.00594493  0.00752235    0.00594493  0.00752235    0.28348998  0.00000000
    1    2
  0.05859750  0.05757300   -0.12436902  0.03792808   -0.03983081 -0.03765389
 -0.12436902  0.03792808    0.05859750  0.05757300   -0.03983081 -0.03765389
 -0.03983081 -0.03765389   -0.03983081 -0.03765389    0.07720010  0.05600203
    2    1
  0.05859750 -0.05757300   -0.12436902 -0.03792808   -0.03983081  0.03765389
 -0.12436902 -0.03792808    0.05859750 -0.05757300   -0.03983081  0.03765389
 -0.03983081  0.03765389   -0.03983081  0.03765389    0.07720010 -0.05600203
    2    2
  0.23354170  0.00000000    0.00546266  0.00000000    0.00594493  0.00752235
  0.00546266  0.00000000    0.23354170  0.00000000    0.00594493  0.00752235
  0.00594493 -0.00752235    0.00594493 -0.00752235    0.28348998  0.00000000

     Dynamical  Matrix in cartesian axes

     q = (    0.250000000  -0.750000000   0.750000000 ) 

    1    1
  0.28348998  0.00000000   -0.00594493 -0.00752235    0.00594493  0.00752235
 -0.00594493  0.00752235    0.23354170  0.00000000   -0.00546266  0.00000000
  0.00594493 -0.00752235   -0.00546266  0.00000000    0.23354170  0.00000000
    1    2
 -0.07720010 -0.05600203   -0.03983081 -0.03765389    0.03983081  0.03765389
 -0.03983081 -0.03765389   -0.05859750 -0.05757300   -0.12436902  0.03792808
  0.03983081  0.03765389   -0.12436902  0.03792808   -0.05859750 -0.05757300
    2    1
 -0.07720010  0.05600203   -0.03983081  0.03765389    0.03983081 -0.03765389
 -0.03983081  0.03765389   -0.05859750  0.05757300   -0.12436902 -0.03792808
  0.03983081 -0.03765389   -0.12436902 -0.03792808   -0.05859750  0.05757300
    2    2
  0.28348998  0.00000000   -0.00594493  0.00752235    0.00594493 -0.00752235
 -0.00594493 -0.00752235    0.23354170  0.00000000   -0.00546266  0.00000000
  0.00594493  0.00752235   -0.00546266  0.00000000    0.23354170  0.00000000

     Dynamical  Matrix in cartesian axes

     q = (   -0.750000000  -0.750000000   0.250000000 ) 

    1    1
  0.23354170  0.00000000    0.00546266  0.00000000   -0.00594493 -0.00752235
  0.00546266  0.00000000    0.23354170  0.00000000   -0.00594493 -0.00752235
 -0.00594493  0.00752235   -0.00594493  0.00752235    0.28348998  0.00000000
    1    2
 -0.05757300 -0.05859750   -0.03792808  0.12436902   -0.03765389 -0.03983081
 -0.03792808  0.12436902   -0.05757300 -0.05859750   -0.03765389 -0.03983081
 -0.03765389 -0.03983081   -0.03765389 -0.03983081   -0.05600203 -0.07720010
    2    1
 -0.05757300  0.05859750   -0.03792808 -0.12436902   -0.03765389  0.03983081
 -0.03792808 -0.12436902   -0.05757300  0.05859750   -0.03765389  0.03983081
 -0.03765389  0.03983081   -0.03765389  0.03983081   -0.05600203  0.07720010
    2    2
  0.23354170  0.00000000    0.00546266  0.00000000   -0.00594493  0.00752235
  0.00546266  0.00000000    0.23354170  0.00000000   -0.00594493  0.00752235
 -0.00594493 -0.00752235   -0.00594493 -0.00752235    0.28348998  0.00000000

     Dynamical  Matrix in cartesian axes

     q = (    0.250000000   0.750000000   0.750000000 ) 

    1    1
  0.28348998  0.00000000    0.00594493 -0.00752235    0.00594493 -0.00752235
  0.00594493  0.00752235    0.23354170  0.00000000    0.00546266  0.00000000
  0.00594493  0.00752235    0.00546266  0.00000000    0.23354170  0.00000000
    1    2
  0.07720010 -0.05600203   -0.03983081  0.03765389   -0.03983081  0.03765389
 -0.03983081  0.03765389    0.05859750 -0.05757300   -0.12436902 -0.03792808
 -0.03983081  0.03765389   -0.12436902 -0.03792808    0.05859750 -0.05757300
    2    1
  0.07720010  0.05600203   -0.03983081 -0.03765389   -0.03983081 -0.03765389
 -0.03983081 -0.03765389    0.05859750  0.05757300   -0.12436902  0.03792808
 -0.03983081 -0.03765389   -0.12436902  0.03792808    0.05859750  0.05757300
    2    2
  0.28348998  0.00000000    0.00594493  0.00752235    0.00594493  0.00752235
  0.00594493 -0.00752235    0.23354170  0.00000000    0.00546266  0.00000000
  0.00594493 -0.00752235    0.00546266  0.00000000    0.23354170  0.00000000

     Dynamical  Matrix in cartesian axes

     q = (   -0.250000000  -0.750000000   0.750000000 ) 

    1    1
  0.28348998  0.00000000    0.00594493 -0.00752235   -0.00594493  0.00752235
  0.00594493  0.00752235    0.23354170  0.00000000   -0.00546266  0.00000000
 -0.00594493 -0.00752235   -0.00546266  0.00000000    0.23354170  0.00000000
    1    2
 -0.07720010  0.05600203    0.03983081 -0.03765389   -0.03983081  0.03765389
  0.03983081 -0.03765389   -0.05859750  0.05757300   -0.12436902 -0.03792808
 -0.03983081  0.03765389   -0.12436902 -0.03792808   -0.05859750  0.05757300
    2    1
 -0.07720010 -0.05600203    0.03983081  0.03765389   -0.03983081 -0.03765389
  0.03983081  0.03765389   -0.05859750 -0.05757300   -0.12436902  0.03792808
 -0.03983081 -0.03765389   -0.12436902  0.03792808   -0.05859750 -0.05757300
    2    2
  0.28348998  0.00000000    0.00594493  0.00752235   -0.00594493 -0.00752235
  0.00594493 -0.00752235    0.23354170  0.00000000   -0.00546266  0.00000000
 -0.00594493  0.00752235   -0.00546266  0.00000000    0.23354170  0.00000000

     Dynamical  Matrix in cartesian axes

     q = (    0.750000000   0.750000000   0.250000000 ) 

    1    1
  0.23354170  0.00000000    0.00546266  0.00000000    0.00594493  0.00752235
  0.00546266  0.00000000    0.23354170  0.00000000    0.00594493  0.00752235
  0.00594493 -0.00752235    0.00594493 -0.00752235    0.28348998  0.00000000
    1    2
  0.05859750 -0.05757300   -0.12436902 -0.03792808   -0.03983081  0.03765389
 -0.12436902 -0.03792808    0.05859750 -0.05757300   -0.03983081  0.03765389
 -0.03983081  0.03765389   -0.03983081  0.03765389    0.07720010 -0.05600203
    2    1
  0.05859750  0.05757300   -0.12436902  0.03792808   -0.03983081 -0.03765389
 -0.12436902  0.03792808    0.05859750  0.05757300   -0.03983081 -0.03765389
 -0.03983081 -0.03765389   -0.03983081 -0.03765389    0.07720010  0.05600203
    2    2
  0.23354170  0.00000000    0.00546266  0.00000000    0.00594493 -0.00752235
  0.00546266  0.00000000    0.23354170  0.00000000    0.00594493 -0.00752235
  0.00594493  0.00752235    0.00594493  0.00752235    0.28348998  0.00000000

     Dynamical  Matrix in cartesian axes

     q = (    0.250000000  -0.750000000  -0.750000000 ) 

    1    1
  0.28348998  0.00000000   -0.00594493  0.00752235   -0.00594493  0.00752235
 -0.00594493 -0.00752235    0.23354170  0.00000000    0.00546266  0.00000000
 -0.00594493 -0.00752235    0.00546266  0.00000000    0.23354170  0.00000000
    1    2
 -0.05600203 -0.07720010   -0.03765389 -0.03983081   -0.03765389 -0.03983081
 -0.03765389 -0.03983081   -0.05757300 -0.05859750   -0.03792808  0.12436902
 -0.03765389 -0.03983081   -0.03792808  0.12436902   -0.05757300 -0.05859750
    2    1
 -0.05600203  0.07720010   -0.03765389  0.03983081   -0.03765389  0.03983081
 -0.03765389  0.03983081   -0.05757300  0.05859750   -0.03792808 -0.12436902
 -0.03765389  0.03983081   -0.03792808 -0.12436902   -0.05757300  0.05859750
    2    2
  0.28348998  0.00000000   -0.00594493 -0.00752235   -0.00594493 -0.00752235
 -0.00594493  0.00752235    0.23354170  0.00000000    0.00546266  0.00000000
 -0.00594493  0.00752235    0.00546266  0.00000000    0.23354170  0.00000000

     Dynamical  Matrix in cartesian axes

     q = (    0.750000000  -0.750000000  -0.250000000 ) 

    1    1
  0.23354170  0.00000000   -0.00546266  0.00000000   -0.00594493 -0.00752235
 -0.00546266  0.00000000    0.23354170  0.00000000    0.00594493  0.00752235
 -0.00594493  0.00752235    0.00594493 -0.00752235    0.28348998  0.00000000
    1    2
 -0.05859750  0.05757300   -0.12436902 -0.03792808   -0.03983081  0.03765389
 -0.12436902 -0.03792808   -0.05859750  0.05757300    0.03983081 -0.03765389
 -0.03983081  0.03765389    0.03983081 -0.03765389   -0.07720010  0.05600203
    2    1
 -0.05859750 -0.05757300   -0.12436902  0.03792808   -0.03983081 -0.03765389
 -0.12436902  0.03792808   -0.05859750 -0.05757300    0.03983081  0.03765389
 -0.03983081 -0.03765389    0.03983081  0.03765389   -0.07720010 -0.05600203
    2    2
  0.23354170  0.00000000   -0.00546266  0.00000000   -0.00594493  0.00752235
 -0.00546266  0.00000000    0.23354170  0.00000000    0.00594493 -0.00752235
 -0.00594493 -0.00752235    0.00594493  0.00752235    0.28348998  0.00000000

     Diagonalizing the dynamical matrix

     q = (    0.750000000  -0.250000000   0.750000000 ) 

 **************************************************************************
     freq (    1) =       4.316141 [THz] =     143.970981 [cm-1]
 ( -0.053378  0.497143  0.000000  0.000000  0.053378 -0.497143 ) 
 ( -0.500000  0.000000 -0.000000  0.000000  0.500000  0.000000 ) 
     freq (    2) =       5.875045 [THz] =     195.970413 [cm-1]
 ( -0.393862 -0.150248 -0.346761  0.156055 -0.393862 -0.150248 ) 
 ( -0.421547  0.000000 -0.268367 -0.269399 -0.421547  0.000000 ) 
     freq (    3) =       9.161207 [THz] =     305.584986 [cm-1]
 ( -0.099327  0.297350 -0.396594 -0.382293 -0.099327  0.297350 ) 
 (  0.313501  0.000000 -0.236943 -0.497285  0.313501  0.000000 ) 
     freq (    4) =      11.748134 [THz] =     391.875567 [cm-1]
 ( -0.106355 -0.319895  0.406125  0.328290 -0.106355 -0.319895 ) 
 (  0.337111  0.000000 -0.439652 -0.281812  0.337111  0.000000 ) 
     freq (    5) =      13.199842 [THz] =     440.299321 [cm-1]
 ( -0.053378  0.497143 -0.000000  0.000000  0.053378 -0.497143 ) 
 (  0.500000  0.000000  0.000000  0.000000 -0.500000  0.000000 ) 
     freq (    6) =      13.614755 [THz] =     454.139358 [cm-1]
 (  0.298109  0.146637  0.477852 -0.225642  0.298109  0.146637 ) 
 ( -0.332222 -0.000000 -0.329191 -0.413389 -0.332222  0.000000 ) 
 **************************************************************************
